987 199013
28657 171343
25072 174928
116709 83291
30411 169589
25057 174943
53329 146671
33676 166324
69573 130427
27460 172540
18752 181248
22079 177921
100257 99743
30218 169782
26667 173333
78502 121498
38660 161340
67533 132467
17381 182619
163188 36812
42865 157135
14060 185940
487 199513
56703 143297
33547 166453
34211 165789
70675 129325
43114 156886
10920 189080
21678 178322
44317 155683
38572 161428
150204 49796
65956 134044
18236 181764
78624 121376
186827 13173
173480 26520
198603 1397
4 199996
30623 169377
2562 197438
19852 180148
32423 167577
24803 175197
37232 162768
52514 147486
148843 51157
172321 27679
21485 178515
60462 139538
