154687 45313
138786 61214
130377 69723
121284 78716
116298 83702
113674 86326
109195 90905
109283 90717
106976 93024
105721 94279
104898 95102
104596 95404
95759 104241
94680 105320
96943 103057
94428 105572
96811 103189
95737 104263
94518 105482
95257 104743
94579 105421
96451 103549
94540 105460
95093 104907
95177 104823
95072 104928
95247 104753
93254 106746
94458 105542
94619 105381
95775 104225
104083 95917
103382 96618
106064 93936
104721 95279
105282 94718
105143 94857
105412 94588
105478 94522
104736 95264
105211 94789
104645 95355
104408 95592
106047 93953
104344 95656
105942 94058
103181 96819
104577 95423
104387 95613
103024 96976
104288 95712
